10,144
10,99
10,25
10,203
10,105
10,124
10,179
10,294
10,2
10,3
11,13
9,5
9,7
8,18
8,11
8,16
8,8
65,5
65,4
65,3
65,2
65,1
65,0
63,4
63,3
63,2
63,1
63,0
60,4
60,3
60,2
60,1
60,0
54,3
54,2
54,1
54,0
45,4
45,3
45,2
45,1
44,4
44,3
44,1
43,4
43,3
43,1
41,5
41,4
41,3
41,2
41,1
38,5
38,4
38,3
38,1
36,5
36,4
36,3
36,1
34,5
34,4
34,3
34,1
32,4
32,3
32,2
32,1
27,4
27,3
27,1
24,3
24,1
20,3
20,2
20,1
19,3
19,2
19,1
18,3
18,1
14,3
14,1
13,3
13,1
12,3
12,2
12,1
11,30
11,29
11,27
11,22
11,21
11,20
11,19
11,18
11,17
11,16
11,15
11,11
11,9
11,8
11,7
11,6
11,5
11,4
11,3
11,2
11,1
10,296
10,277
10,272
10,238
10,237
10,200
10,142
10,129
